Set-1 : 011100, 110010, 001011, 110011, 001100, 101001, 111101, 000001, 010000
Set-2 : 110011, 001000, 101111, 001100, 110010, 100111, 110100, 000101
Set-3 : 001100, 100010, 111100, 110011, 001010, 011111, 010000, 010100
Set-4 : 110010, 001011, 110011, 001100, 101001, 111101, 000001, 010000
Set-5 : 001000, 101111, 001100, 110010, 100111, 110100, 000101
Set-6 : 100010, 111100, 110011, 001010, 011111, 010000, 010100
Set-7 : 001011, 110011, 001100, 101001, 111101, 000001, 010000
Set-8 : 101111, 001100, 110010, 100111, 110100, 000101
Set-9 : 111100, 110011, 001010, 011111, 010000, 010100
Set-10 : 110011, 001100, 101001, 111101, 000001, 010000
Set-11 : 001100, 110010, 100111, 110100, 000101
Set-12 : 110011, 001010, 011111, 010000, 010100
Set-13 : 001100, 101001, 111101, 000001, 010000
Set-14 : 110010, 100111, 110100, 000101
Set-15 : 001010, 011111, 010000, 010100
Set-16 : 101001, 111101, 000001, 010000
Set-17 : 100111, 110100, 000101
Set-18 : 011111, 010000, 010100
Set-19 : 111101, 000001, 010000
Set-20 : 110100, 000101
Set-21 : 010000, 010100
Set-22 : 000001, 010000
Set-23 : 000101
Set-24 : 010100
Set-25 : 010000
